-10
-110
-120
-80
-90
-80
100
140
340
220
40
160
120
220
500
520
340
320
280
480
540
260
440
140
130
90
80
-60
140
300
420
400
160
140
130
130
-30
-70
90
100
90
110
100
80
40
-200
-40
140
320
300
360
260
250
410
530
730
720
700
690
750
740
720
680
640
560
640
760
1020
1010
1090
1080
1090
1130
1370
1360
1460
1450
1310
1300
1540
1380
1640
1660
1820
1980
2040
2030
2050
2110
2130
2150
2410
2250
2370
2360
2370
2360
2340
2330
2430
2450
2570
2630
2610
2770
2850
2840
2980
2820
2830
2610
2620
2610
2670
2730
2770
2890
2750
2740
2720
2900
2920
2910
2890
3110
3130
3190
3310
3270
3280
3380
3360
3120
3040
3030
3230
3450
3550
3610
3770
3890
4050
4210
4190
4180
4420
4380
4360
4520
4780
4920
4900
4860
4840
4660
4780
4960
4970
5090
5030
5050
5090
5310
5510
5500
5620
5720
5730
5850
5860
5850
5860
6040
6020
6100
6280
6270
6390
6650
6470
6530
6510
6500
6460
6450
6530
6390
6570
6770
6970
6960
6940
7080
7040
7030
7190
7030
7010
6970
6790
6990
7010
6850
6860
7120
7100
7240
7420
7410
7420
7410
7390
7630
7410
7470
7450
7510
7530
7750
7730
7720
7880
7960
8100
8320
8600
8500
8540
8580
8560
8740
8750
8770
8910
9110
9190
9180
9380
9370
9430
9390
9610
9390
9090
9080
9220
9280
9260
9440
9400
9390
9310
9300
9340
9500
9480
9470
9450
9570
9630
9620
9600
9660
9400
9580
9840
9700
9680
9670
9650
9710
9690
9680
9740
9860
9740
9730
9650
9790
9750
9570
9580
9570
9730
9720
9760
9980
9990
