-10
-30
-40
20
180
60
50
60
50
30
210
170
160
-40
100
120
110
190
390
370
360
560
580
560
480
600
590
570
560
720
520
530
790
870
860
960
950
650
790
990
1050
890
1110
1230
1270
1410
1400
1560
1760
1780
1840
1820
2020
2120
2200
2100
2120
2080
1920
1820
1880
1960
1800
1780
1770
1810
2030
2190
2150
2230
2370
2350
2340
2240
1980
2240
2500
2680
2670
2590
2390
2370
2430
2450
2670
2650
2640
2820
3060
3020
2900
2880
2700
2740
2860
3080
3140
3100
3320
3200
3260
3460
3280
3290
3430
3410
3530
3510
3370
3490
3690
3670
3660
3680
3820
3800
3790
3770
3830
3810
3800
4060
4050
4030
4310
4320
4340
4540
4500
4480
4470
4510
4500
4480
4470
4310
4300
4280
4320
4440
4460
4440
4540
4640
4630
4610
4600
4580
4570
4710
4550
4530
4520
4560
4400
4380
4120
4100
4090
3990
4150
4130
4120
4200
4190
4250
4240
4220
4100
4060
4050
4030
4050
4070
4060
4140
4130
4110
3870
3850
3990
3970
4190
4090
4270
4370
4360
4260
4220
4240
4230
4210
4200
4210
4200
4180
4170
4190
4180
4220
4420
4400
4390
4370
4360
4340
4440
4420
4410
4370
4550
4510
4500
4480
4680
4660
4500
4480
4320
4380
4180
4160
4100
4120
4110
4150
4330
4340
4480
4520
4510
4590
4790
4800
4790
4890
4970
4990
5110
5150
4990
4970
4750
4730
4720
4800
4790
4770
4950
4930
5130
5190
5270
5280
5270
5210
5250
5230
5310
5210
5200
5320
5340
5320
5460
5660
5650
5770
5570
5750
5570
5610
5670
5870
5930
6030
6270
6130
6120
5820
5660
5680
5670
5650
5490
5470
5530
5710
5700
5800
5790
5800
5960
5940
5930
5940
6120
6160
6150
6130
6120
6320
6540
6680
6670
6790
6780
6790
6830
6870
6860
6900
6940
6920
7180
7380
7580
7420
7410
7420
7660
7640
7630
7610
7810
7850
7840
7850
8010
7990
8010
7990
7980
8100
8260
8420
8520
8500
8740
8840
9020
9140
9130
9350
9340
9500
9490
9570
9560
9760
9840
9960
10000
