180
380
370
380
560
540
530
370
570
730
970
1030
1250
1330
1130
1270
1110
1310
1370
1550
1540
1640
1630
1710
1700
1760
1750
1710
1730
1710
1700
1740
1880
1900
2080
2120
2110
2130
2120
2200
2040
1920
2040
2020
2180
2400
2390
2530
2490
2590
2580
2720
2710
2770
2730
2710
2750
2760
2750
2790
2650
2470
2530
2750
2930
2950
3150
3330
3490
3590
3790
3930
3920
4080
4140
4120
4110
4310
4170
4310
4490
4510
4630
4690
4410
4390
4210
4270
4260
4300
4420
4660
4650
4670
4660
4780
4770
5050
5190
5290
5280
5260
5460
5480
5520
5500
5380
5390
5230
5310
5300
5310
5300
5480
5540
5520
5510
5490
5550
5560
5320
5180
5170
5150
5390
5450
5440
5420
5480
5600
5660
5670
5690
5930
6010
5990
6210
6450
6210
6230
6130
6150
6410
6420
6410
6390
6510
6550
6630
6610
6600
6580
6570
6610
6570
6580
6570
6630
6620
6660
6650
6950
6940
6920
6980
7160
7200
7320
7460
7480
7470
7550
7330
7530
7520
7700
7690
7670
7690
7670
7510
7490
7480
7460
7450
7410
7510
7570
7560
7760
7580
7560
7420
7580
7400
7380
7440
7420
7410
7350
7570
7490
7230
7130
7150
7130
7120
7160
7150
7130
7210
7250
7210
7290
7470
7430
7650
7630
7450
7410
7400
7560
7740
7750
7740
7640
7640
7760
8000
7980
7970
7950
7910
7890
7910
7890
7880
7840
7830
8130
8090
7950
7890
7910
7900
7720
7780
7800
7790
7770
7930
8090
8090
8100
8320
8520
8510
8710
8730
8890
8950
9030
8990
8970
8960
8970
8960
8920
9140
9220
9210
9220
9280
9160
9120
9100
9160
9220
9160
9240
9230
9270
9260
9270
9070
9270
9260
9500
9560
9480
9470
9450
9690
9700
9920
9930
9970
9980
10000
